1	2727.786019375321
21	540.1691124054462
41	361.47913430545316
61	264.5241358194336
81	216.90554855008645
101	165.8297989243175
121	137.37186415779158
141	119.8399685677196
161	104.97096679407773
181	93.72950329569031
201	82.43419196438455
221	70.50178226475663
241	64.36421677730192
261	57.61766644819833
281	53.56401782879575
301	48.355368275077744
321	45.75449059617859
341	46.51871610839358
361	49.22687385717335
381	55.24811058576381
401	55.688557018047426
421	56.716383254531955
441	59.11409510847865
461	63.14118469766912
481	66.66315393939762
501	66.71416623554384
521	67.48090388342058
541	70.97636861785408
561	72.82558285581302
581	78.13844709506495
601	79.60284933511684
621	81.73352205531577
641	83.53531387541393
661	91.74702571817997
681	96.35110772003495
701	101.95741963559348
721	105.96240232263604
741	106.6547184572823
761	109.75867942565667
781	115.91145448434663
801	128.89322990599044
821	132.48719373341095
841	138.19790203933744
861	138.8546215822295
881	138.8112964849935
901	139.9965785452526
921	140.6281425065685
941	141.4890960098081
961	146.53581221891784
981	146.98324657071595
