1	2541.5921587695793
21	578.7275414169603
41	372.32024954160477
61	266.90053843609894
81	211.1516162410263
101	175.42688247134294
121	145.05559421173976
141	124.2145991653562
161	110.41361793928841
181	101.39347426128042
201	87.7485405321194
221	78.47497113596191
241	70.76133255601303
261	66.76540699156607
281	60.82504134721418
301	65.64332220118825
321	69.24791966222102
341	70.32873442880819
361	70.92367331556497
381	76.76200309126769
401	78.8289406985305
421	97.97872943356992
441	115.50838299398005
461	120.70647404577022
481	122.52568853427053
501	122.84815354300304
521	125.84719790499582
541	129.22470214876142
561	129.58804148053824
581	131.6034241298851
601	135.71434010149216
621	138.4530584096977
641	139.91882544371137
661	142.05777254591507
681	146.94226917632832
701	149.39083802194372
721	149.88321967076604
741	150.77373817772173
761	152.8037392795232
781	154.68536619089275
801	160.44493575523802
821	171.25757944885066
841	174.60679166839304
861	176.8135005043282
881	178.0028036265999
901	178.11217652404153
921	178.77684036735928
941	179.88636057584284
961	184.5326848817446
981	189.57454680258382
