1	4571.955896525611
21	768.8858898884785
41	516.0007586214324
61	423.0878787151957
81	376.4561470001166
101	379.915087344625
121	388.1324471344196
141	385.5353423698056
161	387.466492492557
181	399.75366000530744
201	401.73673098317533
221	410.0449656347505
241	433.91437617270356
261	450.7747216427591
281	469.30423509069726
301	497.5460915803711
321	528.0265789234929
341	554.3851197588658
361	561.0773716174201
381	567.6978009664409
401	566.2424146355337
421	565.8869232474411
441	564.2066832170201
461	569.3775209687464
481	576.0327694462833
501	576.502316203165
521	578.1998824479772
541	597.8095848634518
561	599.6715919390008
581	606.2332435000253
601	624.5125551663346
621	659.3984271107076
641	673.5617743308778
661	676.4447081036745
681	678.9568270519246
701	683.3077910385543
721	681.5353930903203
741	689.2560012215254
761	712.5786246106223
781	732.6922653890241
801	740.8099286504407
821	742.8666977171315
841	745.8162098269084
861	774.2795865622463
881	798.5218836215943
901	823.3068456182016
921	850.1681488069178
941	868.479911921723
961	874.9858462944701
981	880.2587467594343
