1	2910.3334589175993
21	632.6405342680341
41	381.49037146602876
61	299.04113122784867
81	222.91780512874703
101	180.78163209730744
121	159.3014980708818
141	138.78898097431016
161	124.5025489881026
181	111.60418777815414
201	100.04688983880065
221	101.69602379521244
241	103.96315438405607
261	104.9712850319654
281	107.49357169502908
301	107.20284744498292
321	108.52268931548166
341	122.11528229606296
361	123.3064748087397
381	125.06657746607482
401	124.52110876713319
421	124.3722793348153
441	125.76785156633352
461	127.27196732694983
481	127.74543658611874
501	127.90618141775121
521	129.02565413372315
541	131.51551642445258
561	140.15443722509565
581	139.70389420703614
601	149.2533436176454
621	151.6164248746954
641	154.05504331987729
661	155.77102740792998
681	156.5769022604747
701	157.18899668085717
721	160.91248998565763
741	167.41823371049705
761	170.05073960363165
781	172.56836753652547
801	175.28587336469445
821	174.93286634265831
841	177.64004250094487
861	179.2376873206406
881	180.10072068578535
901	180.08379665598693
921	183.74154696116165
941	186.60239249681672
961	191.32592840447523
981	196.45039925830224
