1	3620.0550413186006
21	745.6751168288264
41	492.37285630401584
61	363.22802966759343
81	302.5579398322932
101	257.53776710788804
121	217.58047163081028
141	191.93241062597113
161	178.2512714488234
181	182.6880652556734
201	188.38762522440308
221	189.616412539303
241	188.51797459832812
261	190.97336330010225
281	198.12775142394898
301	197.8972973567978
321	197.21964797584124
341	199.81747181927747
361	207.1131618622966
381	208.65568793673384
401	212.8564188398312
421	211.11145248097077
441	217.93160241291812
461	224.42598741372498
481	233.21264835270708
501	236.87361523832737
521	237.66928915158206
541	244.95864060083278
561	245.35000537986366
581	249.09167366158835
601	251.9814699794385
621	252.05761442510453
641	251.8845212737625
661	252.71779627219044
681	256.50452056357017
701	259.57545867121956
721	258.36388999947224
741	257.07180142591267
761	257.3757414749391
781	266.3988739017806
801	272.8376771339081
821	272.55069596453563
841	283.9140878163141
861	287.4446991777186
881	292.75657673908256
901	296.8658646929903
921	297.3503714298039
941	305.62473616199094
961	336.0713385677873
981	336.6940237399641
