1	2386.1865583467497
21	613.0251016340422
41	410.6174841270862
61	313.58002320481324
81	247.10140276467718
101	211.8539896929312
121	186.149514838707
141	185.53154446928917
161	186.01477072708988
181	188.63321431621853
201	188.88826718836938
221	189.07727914299178
241	192.9441802590092
261	192.67447976785581
281	192.50227899672112
301	199.27009148844755
321	200.3539337686471
341	203.21478567854072
361	205.4578612091131
381	206.8222345045379
401	207.64517405975667
421	216.03025612961213
441	219.43302847528054
461	237.49732594575565
481	262.5031966973948
501	285.01813794777695
521	302.351033298728
541	340.86941141975757
561	363.3181566658352
581	384.24014941218564
601	388.7519171120646
621	389.5131601686696
641	392.2634233170389
661	390.7960398313622
681	394.62777382535967
701	397.68070355471843
721	398.2281454663868
741	403.6310721949605
761	403.49619504027
781	407.71411327947067
801	434.0721985058885
821	436.3142399515977
841	440.0050490420868
861	446.47998817309707
881	453.3894454188026
901	476.7416982446291
921	479.02274626333906
941	480.7224705031203
961	501.65780812622484
981	510.2527882377324
