1	3009.383233567908
21	609.0763345936324
41	390.91234270861145
61	293.49249359336653
81	239.49896688623312
101	191.2890723538696
121	159.99789591225553
141	140.8680568703741
161	126.23491854330801
181	112.74353989779601
201	103.47658750710708
221	93.5283280627283
241	87.0327382306241
261	86.67349227794926
281	90.52254087972456
301	92.0882245937875
321	92.90905655887808
341	93.67225498114642
361	95.02850432406555
381	99.0595432316714
401	108.1943639089873
421	110.76038678328605
441	114.26384011240268
461	113.43146065971685
481	119.70487363913782
501	122.30516490391545
521	125.8661355403853
541	141.62430747345442
561	149.87482548209618
581	151.26238041958516
601	156.66554290076402
621	169.33143303413746
641	169.94661952629747
661	171.24665056390876
681	170.9901702420546
701	174.96981703942126
721	187.6010947123554
741	191.87985359725198
761	192.9411220901848
781	193.77287523858158
801	195.04934454529678
821	195.53704637184782
841	196.65529381117278
861	199.1327044001203
881	199.95037910775497
901	203.86237839231845
921	204.67540181699601
941	208.49630790898024
961	209.0342710864666
981	211.7289707027502
