1	3207.4384890332494
82	251.04813017994482
163	140.3186722787671
244	106.34533097511347
325	108.52134182997277
406	108.57377927278374
487	109.77214524024768
568	111.9911957343916
649	114.97090819917634
730	118.10783774772788
811	119.39412753711242
892	119.70157556476217
973	123.8731257108624
1054	130.30562514755684
1135	134.11367188356618
1216	138.98910057966307
1297	140.44275070191003
1378	143.55829109168704
1459	146.84948852780866
1540	149.51992243652214
1621	159.04468383203832
1702	159.82035147306905
1783	161.13495113491953
1864	161.10680243757812
1945	161.22585522169072
2026	163.86649079945738
2107	164.38381771795392
2188	165.59390199590285
2269	168.41974009430618
2350	169.48710849782682
2431	171.80655300909214
2512	175.02013608273035
2593	180.55396522177008
2674	181.62048190234367
2755	185.65197523559
2836	188.53956557000845
2917	192.15977964144975
2998	194.32397924465496
3079	196.23928812040276
3160	198.2274150213025
3241	199.78837227197525
3322	205.34189300728275
3403	208.5316589016865
3484	213.75395496591574
3565	215.7627528393139
3646	217.09094071132904
3727	219.52042086236983
3808	219.3281142773954
3889	220.60647997771272
3970	222.48608919979978
