1	3927.1267198984365
82	315.79517382171196
163	197.47619557187997
244	199.82133318402344
325	202.9817439250269
406	210.3034994948302
487	220.0925271302111
568	224.40220045080423
649	231.55901534634472
730	236.11793546865715
811	242.6951231434115
892	247.19676501101102
973	252.71519889157815
1054	260.3675669958226
1135	262.1754181629585
1216	263.8117533575811
1297	271.80255208005786
1378	277.48486303483594
1459	283.2296890073142
1540	286.905392689118
1621	287.1748009903057
1702	288.44598609808725
1783	290.77214898393487
1864	296.20169487112173
1945	309.5143819896342
2026	324.3704083215222
2107	330.6546091168665
2188	333.7998234674312
2269	339.66173991639664
2350	346.06471977896064
2431	348.7528217605823
2512	352.16373251812894
2593	355.10295226729335
2674	361.9413254148013
2755	372.97639547301594
2836	377.50385485436976
2917	378.46428950904146
2998	380.76447391977905
3079	382.33028873829846
3160	386.5029745182727
3241	395.91956487312325
3322	403.9301718683928
3403	405.04366699546546
3484	408.7408883158607
3565	414.10686010450706
3646	420.8259292023564
3727	428.54862591356584
3808	442.7023386882861
3889	455.49003851755367
3970	468.58242587008283
