1	3040.7187920162714
82	227.6350827411696
163	133.25000319573886
244	115.73343396527943
325	118.73321202138544
406	120.79303787478793
487	122.01486805383203
568	122.68649875847801
649	122.58633227727694
730	125.12429890335945
811	125.57599797717765
892	131.48726524187117
973	140.0903399253495
1054	146.43239356761813
1135	151.32595993073215
1216	154.572350720331
1297	157.90268341394543
1378	160.502258664099
1459	162.33924973261836
1540	165.9577580246492
1621	167.91117055175303
1702	169.6793086331125
1783	171.20382979826937
1864	172.11491164064685
1945	175.74681022229552
2026	179.47720757919157
2107	180.92839758879433
2188	185.33391876513895
2269	186.3180397555407
2350	187.96714903260028
2431	191.07365673798824
2512	192.1288719016577
2593	194.8180664179064
2674	197.26885859532845
2755	201.78435022828836
2836	207.02291952421731
2917	210.0495819151618
2998	214.1716648641612
3079	216.48443774794902
3160	219.76249644159893
3241	222.58587525621985
3322	224.85957135644261
3403	227.09261318721744
3484	228.84065332834572
3565	232.8650016444516
3646	235.75365766730417
3727	238.19351127477825
3808	242.58764135906728
3889	243.83258017218463
3970	246.39256799216633
