1	2687.1164668853526
82	216.79307901635
163	119.60319131251414
244	84.82709267165305
325	75.59288722400318
406	76.99851587316827
487	77.52763791224793
568	77.82408320396415
649	78.21326275623422
730	80.47428398132621
811	82.30477749561523
892	83.87377149562649
973	88.61291227291005
1054	89.60671031938543
1135	91.70332075945777
1216	92.33992051038675
1297	93.33202103091885
1378	97.3507698451102
1459	99.72516860844937
1540	102.15249226112716
1621	102.72524927073574
1702	103.01462491588613
1783	104.74437723853552
1864	105.22469481752971
1945	108.09911538341781
2026	110.73839580127856
2107	116.38736389287077
2188	119.90865255063927
2269	122.64241999336659
2350	122.91662509036401
2431	125.96660947461147
2512	128.44478465072618
2593	133.8815116624866
2674	136.6515084108118
2755	139.39132022811313
2836	140.30817016588455
2917	141.6897883174333
2998	142.5465898568299
3079	144.91825495913096
3160	146.2540482243044
3241	146.95828707940782
3322	148.84291269411986
3403	150.46972105463993
3484	154.44540889726343
3565	157.5211177961593
3646	161.14186309618026
3727	164.6796761675649
3808	166.12569048634413
3889	167.493956026706
3970	169.63928609059587
