1	2476.2402672985395
82	259.40249098638145
163	196.47258033577236
244	196.92865696988008
325	201.30151203076466
406	202.9178580741312
487	212.2716757236471
568	217.52355651759854
649	221.96711516053617
730	223.13207392435186
811	227.65557982945953
892	234.87171161192313
973	238.95373057393047
1054	244.84987407991397
1135	250.73388649509525
1216	252.98468197124924
1297	255.71339358207072
1378	257.9633913314175
1459	262.4774065387347
1540	264.6181590352108
1621	271.09276472557514
1702	276.6103129631586
1783	283.5135677858239
1864	287.2468512086601
1945	289.3983153381053
2026	293.04430466419996
2107	314.8403927011576
2188	335.02139488938286
2269	335.1694898675626
2350	341.19170164072335
2431	345.73015850530885
2512	353.14950539537324
2593	365.5858980059849
2674	371.35314461108425
2755	378.58808150564437
2836	380.4222008332066
2917	388.0148121801747
2998	389.5605809317214
3079	390.63087623164864
3160	397.1026833231116
3241	399.38077017739494
3322	411.92064687669307
3403	416.82761441148875
3484	425.5449340818086
3565	432.8105363625145
3646	437.93630920136366
3727	443.2196515710802
3808	452.522065608984
3889	454.58674536251766
3970	456.10065259623497
