1	2876.9000303067296
82	221.27068271513244
163	117.18523533787916
244	78.45839578697368
325	61.21108210052911
406	61.87766175183388
487	62.709653415283846
568	63.96465054882225
649	65.56554921583185
730	66.93137632825795
811	67.31255513049987
892	68.65997756397353
973	69.50144196525284
1054	71.62344078025077
1135	73.41492412543946
1216	74.07965971955811
1297	75.7825635381967
1378	79.28541046841201
1459	80.62376539723994
1540	81.31229473287112
1621	83.53710933721698
1702	84.61757461518584
1783	88.53442662807154
1864	90.98114722856408
1945	96.92873527677317
2026	100.1083117739125
2107	102.96979877412184
2188	105.12960595121429
2269	106.45165950397556
2350	106.47573896595368
2431	107.14302428825712
2512	110.13682318473309
2593	111.67548903499053
2674	111.94300277147212
2755	112.89472907064706
2836	113.53300686858816
2917	116.35009941278472
2998	117.4328630847757
3079	118.82226353834203
3160	120.0585071197548
3241	120.96334291815367
3322	123.64808104675078
3403	125.66352503846318
3484	126.35422928623848
3565	126.86257990924307
3646	128.81768512145635
3727	130.03135949058077
3808	131.36498596135766
3889	135.26353911701213
3970	136.18605202187285
