1	4832.746994471889
82	388.0874825343576
163	394.01413364076143
244	401.4653649240856
325	409.4810438326837
406	408.45975327601997
487	410.9410006047768
568	438.4574537330462
649	451.4508872216763
730	459.07299537922347
811	480.4413743355949
892	515.8211404867392
973	524.9197555410764
1054	536.7615758408222
1135	546.3321929288102
1216	552.2133080766198
1297	580.8509330079244
1378	588.8242703557452
1459	592.1469520450999
1540	596.4264620978026
1621	601.7808070768447
1702	607.4019447517461
1783	618.7846538378226
1864	634.631602774473
1945	638.8025088319587
2026	649.305217774
2107	673.9647571133178
2188	699.23360070763
2269	708.8719136123979
2350	727.8338740701439
2431	744.0043602188869
2512	765.1545954046609
2593	767.4362333208885
2674	776.4665474260855
2755	786.8980334814288
2836	795.3099192800317
2917	802.016381297661
2998	806.3693225480808
3079	816.7785213506742
3160	824.5914987429812
3241	828.6057263758739
3322	837.9960259711604
3403	855.4079577212085
3484	868.1159814325807
3565	876.9181899199241
3646	895.8894563509391
3727	920.3348586823865
3808	964.7644387290669
3889	967.8063748152084
3970	971.5951324067194
