1	5526.828839403047
21	387.43131888431674
41	236.28976986048318
61	162.81917432387252
81	116.48349902708804
101	86.26686764740826
121	64.67249659549422
141	48.62838592493062
161	36.53997108723622
181	27.81037009413154
201	20.866250193113583
221	15.461124875843781
241	11.531285115103413
261	8.375880234568735
281	5.911634657876452
301	3.957068536895212
321	2.528838408781551
341	1.3509853416493875
361	0.4706351515247324
381	0.04518625447251292
401	0.04825089516730403
421	0.057879083184946015
441	0.0640952185465421
461	0.06709182463860759
481	0.06681556334136612
501	0.0680620965466686
521	0.06895808102885981
541	0.07061285754247155
561	0.07352706217656481
581	0.08130328831943845
601	0.08685909176303463
621	0.08948117975619761
641	0.09069782116483653
661	0.09148522578555386
681	0.09314951170014286
701	0.0932889810717539
721	0.0963281369902935
741	0.09941438730288517
761	0.10741522678717859
781	0.10799669334358655
801	0.10750874489607641
821	0.10956965495369128
841	0.10978129130234997
861	0.11085371042713871
881	0.11098184166308955
901	0.11330198500485186
921	0.12155583981046078
941	0.12279877041971783
961	0.12322921519880757
981	0.12537412716120167
