1	6265.448086281961
21	396.88946741215625
41	250.07690562062723
61	177.12356134843108
81	133.28829162679295
101	103.14143383346477
121	81.81655974389247
141	65.72313197642855
161	53.35846857682792
181	43.73406564931201
201	36.115234719301604
221	30.016357066903684
241	24.83640314840328
261	20.632462886955246
281	17.239338791598954
301	14.347903645154675
321	11.93915936652854
341	9.892810866590063
361	8.200995347389592
381	6.803108708460094
401	5.581910252803266
421	4.610517568782488
441	3.789224934951328
461	3.1031593273741556
481	2.515150937553107
501	2.0125567809048266
521	1.5994925030907992
541	1.2618724984974425
561	0.9676729812637922
581	0.7360286677294744
601	0.5493427389093564
621	0.40673459408501944
641	0.29357279436183026
661	0.20188460264785316
681	0.12660181589437258
701	0.07799230849118814
721	0.04357535126118444
741	0.019238854339974274
761	0.0043706481919332405
781	0.004729551768779522
801	0.005325600071503537
821	0.005900774797635712
841	0.006135767566024248
861	0.0059909983498055335
881	0.006382439526890149
901	0.006925327818452453
921	0.007135148115599225
941	0.008854438555347214
961	0.009029307737848486
981	0.009325433475320954
