1	2765.7093890908222
21	364.5892502501296
41	200.5523706187768
61	117.85532702167244
81	71.7664510247151
101	44.8692466680805
121	26.823785402667173
141	15.1569148814971
161	7.204344968621284
181	2.128296339562392
201	0.051269029212438776
221	0.052051475960833773
241	0.05387914146189383
261	0.05660865118863717
281	0.05938940493466401
301	0.061403466191786694
321	0.06261627256072486
341	0.06319833100248647
361	0.06355975460239686
381	0.06425686330179559
401	0.06664595475499062
421	0.06764008618237509
441	0.06779545786162587
461	0.06840413904072021
481	0.06835240163617154
501	0.06986291815124773
521	0.07174122126188053
541	0.07350231068082502
561	0.07358500734953063
581	0.0756252806372449
601	0.07846057188784696
621	0.07983218795055466
641	0.08141112881759188
661	0.08137374573746549
681	0.08330283783354643
701	0.08302250222911278
721	0.08377707383382592
741	0.08311735941907716
761	0.08458022014389918
781	0.08494542414520509
801	0.08508395103331422
821	0.08633779648086491
841	0.08792849066829567
861	0.08899689319832997
881	0.08991304858583649
901	0.0903286677322915
921	0.0910020748320212
941	0.09083193292505581
961	0.09214323852915925
981	0.0935015141504533
