1	6885.257683796455
21	411.24311497185835
41	265.1227333705196
61	192.0807476195843
81	147.75355507511028
101	118.02631231915413
121	95.36606309621467
141	78.53931248990219
161	65.7159017406133
181	55.69521485622643
201	47.572708383946875
221	40.58685307846901
241	35.04716670630574
261	30.386692187136386
281	26.391867792438134
301	22.9282507675674
321	20.002631882424712
341	17.46994113773278
361	15.204967500300937
381	13.323544398358479
401	11.645908174791773
421	10.201106421140675
441	8.920382102604188
461	7.83541806902309
481	6.829711006243083
501	5.9777831192787225
521	5.2347031151521595
541	4.563984277211231
561	3.9717305414546114
581	3.461998438445798
601	2.992698053316026
621	2.5960521510129637
641	2.229618389374086
661	1.9252700122906237
681	1.649921360477945
701	1.4111333686254175
721	1.2011485282544572
741	1.0089687064996211
761	0.8462015874428797
781	0.704354183553453
801	0.5799639356973396
821	0.4645088291336748
841	0.3749439461830007
861	0.2969522903085742
881	0.23296969484384897
901	0.17815860216082108
921	0.13082740141005408
941	0.09228288261289183
961	0.060866443049410815
981	0.03637908955145331
