1	3062.7597026986327
21	410.4874705397371
41	263.71077190792073
61	190.97783286494266
81	145.45939875215146
101	115.4055818382451
121	92.44728002379891
141	75.76616573678297
161	62.77476979983796
181	52.362433864709274
201	44.0593641617661
221	37.53640125802469
241	32.014539851037064
261	27.476041423666135
281	23.58620037935236
301	20.36296768197216
321	17.55709718945257
341	15.137702904036674
361	13.065678898952648
381	11.30190841670415
401	9.735598377927284
421	8.44182993440238
441	7.310193665136243
461	6.259778376422168
481	5.396982970887995
501	4.640652117812869
521	3.9792662130974445
541	3.4162605933615464
561	2.928409039730243
581	2.484965538903851
601	2.1150452571015053
621	1.7758439667547075
641	1.4902928329782144
661	1.249542379365159
681	1.0343599948041085
701	0.8550785511694153
721	0.7047124290609397
741	0.5745864583651933
761	0.4559521794435583
781	0.36941234576742527
801	0.290689287337095
821	0.22654296584311362
841	0.17103409192839808
861	0.12963003284317223
881	0.09541112082519822
901	0.06793513668654326
921	0.046266516313869945
941	0.030124238440175963
961	0.018498721776843266
981	0.008884212842543976
