1	5064.485095677776
21	408.0472627493421
41	265.3996412659938
61	193.7792261486338
81	150.01273719276813
101	119.58351716790196
121	97.42072735173099
141	81.03587068981827
161	67.89364915384242
181	57.78977128908036
201	49.56519822775321
221	42.7555578729895
241	37.03417864810763
261	32.25922287592049
281	28.209640839392577
301	24.74431148314205
321	21.66071819245624
341	19.068657629451366
361	16.788470588456242
381	14.787134098251958
401	13.039769332177464
421	11.503062049277691
441	10.167304554177157
461	8.975256165621708
481	7.923976529677286
501	6.985785496808933
521	6.150694393894077
541	5.421300315044407
561	4.75763152046175
581	4.1814898418200075
601	3.662285315709224
621	3.201660603195642
641	2.7933928296789747
661	2.4283546949462846
681	2.1081462224739522
701	1.823056437177569
721	1.5688149323787153
741	1.3444363643033936
761	1.1456056206698035
781	0.9708434212301957
801	0.8121212351176856
821	0.6735918471754021
841	0.5502594720967053
861	0.44334609388446344
881	0.35088261128275805
901	0.27215927968130005
921	0.20428477113507224
941	0.1464482032219537
961	0.0979754982592935
981	0.058466623988825246
