1	10833.74338105194
82	241.00722664438746
163	243.69565112957446
244	244.27820462697684
325	246.9850256102443
406	247.73766738988857
487	250.2226016079811
568	253.85967985845437
649	254.14965970049565
730	258.98226958470815
811	265.38230353992014
892	268.98824244985576
973	279.11882898563647
1054	285.427236057414
1135	296.60020214491476
1216	302.77299552102704
1297	311.5298288333804
1378	318.6858422378795
1459	319.72266612921476
1540	322.9039319279877
1621	330.88971134663996
1702	341.4314158493628
1783	347.34684661191056
1864	349.4869146598801
1945	353.3994305814764
2026	357.6942552724264
2107	362.1406422787188
2188	370.80603476742925
2269	372.1877388058778
2350	373.1990663415891
2431	387.16162913272825
2512	392.22278973152874
2593	400.0700471262117
2674	403.7412610410718
2755	408.35583859699994
2836	418.0709970446437
2917	427.5272519444496
2998	435.618123974707
3079	439.97465037401554
3160	443.513880298
3241	452.979668525526
3322	456.18634801647886
3403	459.8957084617926
3484	466.7659252609619
3565	485.27456010365364
3646	488.33239666562787
3727	496.3047801102394
3808	513.2608260919948
3889	525.1885153988727
3970	530.5420657365768
