1	6935.328545265513
82	164.83154610093078
163	137.26903496045105
244	140.41310951236775
325	147.7301090417597
406	151.24353457091652
487	152.1714818009806
568	152.90817255232608
649	160.1915122077751
730	168.23858980166025
811	172.9576189351551
892	175.346600943479
973	180.14758923275082
1054	183.6729708205199
1135	185.83982746214994
1216	191.13389565547928
1297	193.8380339412907
1378	193.49627206559282
1459	195.03802632074803
1540	196.33254636502085
1621	198.57532223430655
1702	203.0869356110122
1783	206.4073019964187
1864	209.9158725222877
1945	214.85042995404535
2026	223.16574968281213
2107	226.33416707499242
2188	233.07394332569595
2269	234.26786401379698
2350	239.0066150636884
2431	239.58654628056956
2512	241.8819314760747
2593	244.6999946674039
2674	249.58116429213518
2755	254.40033319969416
2836	257.0522180503481
2917	261.4509633939027
2998	266.58927575054673
3079	272.72282725506767
3160	275.0790365329368
3241	287.27931803186016
3322	294.161515868268
3403	294.96778640421775
3484	296.8661915296058
3565	301.9008709247476
3646	303.29495505396125
3727	306.7094094962886
3808	310.13012920747104
3889	314.8766423514719
3970	323.8779078889575
