1	9155.243103517696
82	279.7272198468725
163	313.9698824518125
244	323.9781262266329
325	329.0860455551141
406	335.1728882544875
487	341.3485950348374
568	346.5656201448628
649	349.6904710154132
730	366.78885421362
811	380.86150410304117
892	390.7989729605406
973	394.415957716802
1054	410.1866292563119
1135	415.213211805287
1216	417.04434801250335
1297	421.33968260238464
1378	427.74421702826214
1459	442.24501499870223
1540	450.6321430762592
1621	457.96360618007174
1702	463.40474529069655
1783	468.02621964465635
1864	474.685229633046
1945	479.01413206929726
2026	482.7302282624568
2107	484.84243800020744
2188	487.25258554214753
2269	493.5620471068919
2350	496.078365694108
2431	504.8473899713855
2512	512.1623466331639
2593	522.0945379101724
2674	525.0587068829952
2755	530.5627554221796
2836	536.2801571404959
2917	541.7137154115703
2998	547.8873489976288
3079	553.9454085704926
3160	560.1872143521396
3241	570.2808347049653
3322	572.4428397905144
3403	583.7503886420352
3484	592.5680142875748
3565	600.6172617414916
3646	617.1115947572164
3727	630.4496794450616
3808	637.7119005102874
3889	651.7558425552219
3970	667.6786392343888
