1	12034.64533725505
82	1124.7341904339546
163	1145.4342250394334
244	1167.6600852658928
325	1185.1029563402606
406	1196.5058736259807
487	1207.648604033386
568	1219.367070086288
649	1235.3102389129385
730	1261.876071421397
811	1299.1580342723914
892	1327.4338725701061
973	1369.6069168172019
1054	1405.8397589061324
1135	1465.7841579298745
1216	1512.813479188491
1297	1513.409987670057
1378	1519.253921351945
1459	1565.0075474871448
1540	1588.5322183188705
1621	1598.2692454769108
1702	1608.9450268333212
1783	1629.991126694375
1864	1638.5095480030427
1945	1665.0619968120845
2026	1693.2705912706087
2107	1699.753671344691
2188	1716.4082370136518
2269	1737.3934644791664
2350	1783.6447687546222
2431	1800.4884913212568
2512	1823.489747793004
2593	1843.3650783274102
2674	1861.62611047581
2755	1867.41164510795
2836	1869.0462006146736
2917	1873.2462249928767
2998	1895.2687954194882
3079	1914.5309153124535
3160	1941.809713612529
3241	1974.7116085440534
3322	2002.1953117792461
3403	2065.7683404456925
3484	2101.5748831806663
3565	2142.7454930727554
3646	2157.283019398319
3727	2191.776222466791
3808	2196.9426822889864
3889	2207.1575389281925
3970	2244.5730800453675
