1	7590.936985178248
82	133.2815596679169
163	88.78627691152154
244	89.62970521053006
325	90.87182071898674
406	92.41169024271312
487	94.66923415023918
568	94.56666301196415
649	96.27120174210035
730	101.28680125409164
811	103.84369302689143
892	107.40089909650447
973	109.82539166572954
1054	111.2195206190162
1135	112.9725423328155
1216	114.38127538453242
1297	117.44112483609926
1378	120.66231836250945
1459	122.38319907913845
1540	123.94887543927948
1621	125.28984506348525
1702	127.00526130030646
1783	128.05577718617215
1864	130.66854647713538
1945	131.97447237286798
2026	133.42864210859568
2107	136.80232465689244
2188	139.11612165357744
2269	139.92213587004667
2350	141.59709896502343
2431	144.50198616302816
2512	146.92104747387992
2593	148.05170971933765
2674	149.65974889442285
2755	150.5828079046585
2836	150.94926084027023
2917	155.006084347905
2998	156.00783562956588
3079	157.8587598506525
3160	159.59956113333982
3241	160.85968245601165
3322	163.21669714196753
3403	167.85898541235875
3484	169.5651084659474
3565	170.8536887765624
3646	171.572385304843
3727	171.33746112363568
3808	172.07154655317524
3889	175.81840941119387
3970	179.29090235909246
