1	6048.25053735735
82	122.8217935001648
163	119.72332595567849
244	123.63197366978392
325	131.5917790597897
406	144.1448057178354
487	153.35704095489578
568	160.62518606465326
649	165.98023287276928
730	168.10206429272725
811	169.65463004495746
892	174.08719828513406
973	175.48514965960345
1054	177.0723131021636
1135	178.86237784224303
1216	181.57044844982477
1297	183.92590881836355
1378	186.0345004636169
1459	188.48744347652467
1540	193.44208324472922
1621	202.07906829312827
1702	205.14243371273875
1783	208.04923178166936
1864	214.82441129511798
1945	217.13031263091185
2026	225.41197381425582
2107	229.67875951556522
2188	236.43377975870223
2269	242.0512049086076
2350	244.61363365847978
2431	256.5946431066584
2512	257.84191572262523
2593	261.5374284951736
2674	264.94636184161345
2755	269.07518873084473
2836	271.7340190548388
2917	274.0318520048532
2998	284.76806430109644
3079	300.2657184946402
3160	305.82658543175853
3241	307.53259628850896
3322	309.9367716102148
3403	313.7226642282792
3484	316.47879442264735
3565	319.3322180272521
3646	329.57660533522136
3727	334.1531364211596
3808	337.5165509438303
3889	341.94881222404905
3970	362.1350367437768
