1	10097.24243729747
82	340.50964235988846
163	346.46549185898215
244	350.95032975418246
325	361.2648603718765
406	365.60411995417667
487	374.06921192876507
568	383.3688793018409
649	390.5661710775805
730	407.59053020491405
811	419.7375306567956
892	433.9888987852706
973	437.4685761926045
1054	446.26835585607273
1135	457.36662398962113
1216	461.1695581636937
1297	470.4400286909402
1378	475.1242937418688
1459	480.43003756581066
1540	486.75891003180334
1621	497.5352870337229
1702	506.6364623208868
1783	515.8043215496917
1864	532.471350810047
1945	546.8466001135797
2026	562.698321663509
2107	584.595514223292
2188	597.9472825666834
2269	609.2347981230481
2350	615.8218082723375
2431	629.1047552887342
2512	646.1052946980998
2593	651.3033203208828
2674	655.8454708013181
2755	663.7696080447272
2836	674.6520402150153
2917	676.9623252503353
2998	678.2995164076816
3079	685.9409087797649
3160	701.7659312808698
3241	711.6519662041684
3322	714.9774082006983
3403	719.8730712292788
3484	723.3020682154231
3565	750.5867226077017
3646	753.7049755369287
3727	761.2098723121843
3808	769.6120794538472
3889	775.5529756873841
3970	797.1701350203317
